geographicDescription	northBoundingCoordinate	southBoundingCoordinate	eastBoundingCoordinate	westBoundingCoordinate
AA10006	25.7532596462812	25.7532596462812	-80.8583449466573	-80.8583449466573
AA10054	25.7455632635926	25.7455632635926	-80.8384124011156	-80.8384124011156
AA10050	25.7419539499398	25.7419539499398	-80.8409099160191	-80.8409099160191
AA10043	25.7135168967575	25.7135168967575	-80.848423874684	-80.848423874684
AA10037	25.7022238911477	25.7022238911477	-80.8434545676898	-80.8434545676898
AA10029	25.6914019522718	25.6914019522718	-80.8574215699843	-80.8574215699843
AA10011	25.6597530146347	25.6597530146347	-80.8186008401796	-80.8186008401796
AA10089	25.6380563667516	25.6380563667516	-80.800204170572	-80.800204170572
AA10010	25.6578789307375	25.6578789307375	-80.770280620925	-80.770280620925
AA10014	25.6687282645405	25.6687282645405	-80.7787295817918	-80.7787295817918
AA10045	25.7161703789654	25.7161703789654	-80.8020675554683	-80.8020675554683
AA10046	25.7202359728562	25.7202359728562	-80.8035561336215	-80.8035561336215
AA10005	25.7518434593445	25.7518434593445	-80.8049998740699	-80.8049998740699
AA10007	25.7554108237908	25.7554108237908	-80.7740819695194	-80.7740819695194
AA10001	25.7472829597935	25.7472829597935	-80.7735987965304	-80.7735987965304
AA10004	25.7494008816114	25.7494008816114	-80.6968172224621	-80.6968172224621
AA10003	25.7480411639108	25.7480411639108	-80.6943279295837	-80.6943279295837
AA10051	25.7430566056969	25.7430566056969	-80.6858657097033	-80.6858657097033
AA10047	25.7340590536418	25.7340590536418	-80.7013425660445	-80.7013425660445
AA10044	25.7133498894317	25.7133498894317	-80.7322953821074	-80.7322953821074
AA10030	25.6930570322526	25.6930570322526	-80.746293752254	-80.746293752254
AA10025	25.6844986862344	25.6844986862344	-80.7582707353205	-80.7582707353205
AA10027	25.6862548916004	25.6862548916004	-80.7298645086896	-80.7298645086896
AA10022	25.681722934251	25.681722934251	-80.7209058082183	-80.7209058082183
AA10038	25.7042315913651	25.7042315913651	-80.6879611533271	-80.6879611533271
AA10021	25.681204814747	25.681204814747	-80.6880211540869	-80.6880211540869
AA10019	25.675358254145	25.675358254145	-80.6989977887496	-80.6989977887496
AA10013	25.6681310493052	25.6681310493052	-80.6975212904212	-80.6975212904212
AA10017	25.6731765930305	25.6731765930305	-80.7383640410801	-80.7383640410801
AA10015	25.6713705582894	25.6713705582894	-80.7383679836379	-80.7383679836379
AA10091	25.6434121092086	25.6434121092086	-80.7588516731891	-80.7588516731891
AA10095	25.6488074115905	25.6488074115905	-80.7453911247083	-80.7453911247083
AA10088	25.635702171384	25.635702171384	-80.7389438524362	-80.7389438524362
AA10093	25.6419352712813	25.6419352712813	-80.6936024871699	-80.6936024871699
AA10086	25.6328806179563	25.6328806179563	-80.6821700018033	-80.6821700018033
AA10082	25.621142459933	25.621142459933	-80.6826990859771	-80.6826990859771
AA10074	25.6076057492178	25.6076057492178	-80.6867185453342	-80.6867185453342
AA10080	25.618969740533	25.618969740533	-80.7245378473642	-80.7245378473642
AA10083	25.6244161642805	25.6244161642805	-80.739964459093	-80.739964459093
AA10073	25.6063512251637	25.6063512251637	-80.7375137468626	-80.7375137468626
AA10056	25.5765731147444	25.5765731147444	-80.7500246622241	-80.7500246622241
AA10065	25.5774692866381	25.5774692866381	-80.746040069043	-80.746040069043
AA10058	25.5747523532844	25.5747523532844	-80.7415653298548	-80.7415653298548
AA10059	25.5742829166778	25.5742829166778	-80.7316097769391	-80.7316097769391
AA10136	25.5639008061562	25.5639008061562	-80.733126272925	-80.733126272925
AA10064	25.5765094337941	25.5765094337941	-80.7151761947295	-80.7151761947295
AA10062	25.5751260808859	25.5751260808859	-80.700742375951	-80.700742375951
AA10063	25.5751209694179	25.5751209694179	-80.6982532361538	-80.6982532361538
AA10057	25.572363987516	25.572363987516	-80.6758583037479	-80.6758583037479
AA10130	25.5461860688277	25.5461860688277	-80.6804081300612	-80.6804081300612
AA10125	25.5435241393964	25.5435241393964	-80.7028116742344	-80.7028116742344
AA10119	25.5285824009982	25.5285824009982	-80.6829429736753	-80.6829429736753
AA10118	25.5209573524769	25.5209573524769	-80.7073457389593	-80.7073457389593
AA10121	25.5272971648901	25.5272971648901	-80.716785393467	-80.716785393467
AA10123	25.5367913780114	25.5367913780114	-80.7232328431894	-80.7232328431894
AA10128	25.5426750070261	25.5426750070261	-80.7306847943093	-80.7306847943093
AA10117	25.5206160556888	25.5206160556888	-80.76904976443	-80.76904976443
AA10122	25.5305934951051	25.5305934951051	-80.798889582545	-80.798889582545
AA10126	25.5405441104326	25.5405441104326	-80.8118129305471	-80.8118129305471
AA10115	25.5202744135805	25.5202744135805	-80.8546387536292	-80.8546387536292
AA10137	25.564077664513	25.564077664513	-80.8605593851825	-80.8605593851825
AA10133	25.5495559133533	25.5495559133533	-80.7978624949382	-80.7978624949382
AA10061	25.5753077756124	25.5753077756124	-80.8092694478169	-80.8092694478169
AA10068	25.585249436267	25.585249436267	-80.8157260667946	-80.8157260667946
AA10081	25.6200624066433	25.6200624066433	-80.857008329166	-80.857008329166
AA10134	25.5521996741682	25.5521996741682	-80.7550526192316	-80.7550526192316
AA10129	25.5431709960342	25.5431709960342	-80.7560663680234	-80.7560663680234
AA10218	25.6297955753957	25.6297955753957	-80.7190343845264	-80.7190343845264
AA10085	25.6304230295744	25.6304230295744	-80.8340851080015	-80.8340851080015
AA10278	25.6146194529564	25.6146194529564	-80.8336089382542	-80.8336089382542
AA10279	25.5672319868272	25.5672319868272	-80.8540843167637	-80.8540843167637
AA10216	25.5888713856184	25.5888713856184	-80.8236867616683	-80.8236867616683
AA10217	25.5919901163274	25.5919901163274	-80.7918164080714	-80.7918164080714
AA10070	25.5883779923818	25.5883779923818	-80.7918226592318	-80.7918226592318
AA10069	25.5861044173954	25.5861044173954	-80.7808732755666	-80.7808732755666
AA10264	25.5738982451097	25.5738982451097	-80.7709389517866	-80.7709389517866
AA10224	25.557145881694	25.557145881694	-80.7430963832527	-80.7430963832527
AA10225	25.5607319640606	25.5607319640606	-80.7286533473762	-80.7286533473762
AA10235	25.5159796357966	25.5159796357966	-80.7018843590035	-80.7018843590035
AA10266	25.5281383815984	25.5281383815984	-80.6864275926897	-80.6864275926897
AA10107	25.5052491975289	25.5052491975289	-80.7596258321743	-80.7596258321743
AA10103	25.4962470558529	25.4962470558529	-80.777553990345	-80.777553990345
AA10111	25.5093500878055	25.5093500878055	-80.7835005857252	-80.7835005857252
AA10110	25.5089043914962	25.5089043914962	-80.7874818589405	-80.7874818589405
AA10108	25.505377605283	25.505377605283	-80.8581395126825	-80.8581395126825
AA10099	25.4796436421449	25.4796436421449	-80.8611543642625	-80.8611543642625
AA10177	25.4701568433097	25.4701568433097	-80.8561912473028	-80.8561912473028
AA10229	25.4642908670149	25.4642908670149	-80.860177235927	-80.860177235927
AA10169	25.4547785386165	25.4547785386165	-80.8313426481556	-80.8313426481556
AA10171	25.4588102727135	25.4588102727135	-80.8054746367985	-80.8054746367985
AA10100	25.4804497871419	25.4804497871419	-80.7815626028217	-80.7815626028217
AA10097	25.4754296533091	25.4754296533091	-80.748244467954	-80.748244467954
AA10269	25.4619366228534	25.4619366228534	-80.7810986725558	-80.7810986725558
AA10167	25.4483982455581	25.4483982455581	-80.7860962607258	-80.7860962607258
AA10157	25.4348840300071	25.4348840300071	-80.808993861761	-80.808993861761
AA10164	25.44347622022	25.44347622022	-80.8194234138594	-80.8194234138594
AA10155	25.4290438451338	25.4290438451338	-80.8333674124833	-80.8333674124833
AA10151	25.4231870431694	25.4231870431694	-80.8453084519685	-80.8453084519685
AA10268	25.4218365943925	25.4218365943925	-80.8492877943001	-80.8492877943001
AA10158	25.4363013731389	25.4363013731389	-80.8656794427282	-80.8656794427282
AA10142	25.3956620272833	25.3956620272833	-80.8637360777211	-80.8637360777211
AA10141	25.3924778246901	25.3924778246901	-80.840376795269	-80.840376795269
AA10231	25.3789418851264	25.3789418851264	-80.8498380957704	-80.8498380957704
AA10205	25.3820792289727	25.3820792289727	-80.8284615259375	-80.8284615259375
AA10199	25.35139951759	25.35139951759	-80.8508659542328	-80.8508659542328
AA10194	25.3378530521342	25.3378530521342	-80.8503857041125	-80.8503857041125
AA10282	25.3283487771393	25.3283487771393	-80.8300277806657	-80.8300277806657
AA10271	25.3202165496507	25.3202165496507	-80.8260648435121	-80.8260648435121
AA10270	25.3062088118793	25.3062088118793	-80.8176404507071	-80.8176404507071
AA10187	25.3192957794514	25.3192957794514	-80.8116594689321	-80.8116594689321
AA10283	25.3223978342299	25.3223978342299	-80.8076885582552	-80.8076885582552
AA10260	25.3454682175438	25.3454682175438	-80.7991967349469	-80.7991967349469
AA10250	25.3287074094266	25.3287074094266	-80.7659490723927	-80.7659490723927
AA10182	25.3142465186972	25.3142465186972	-80.7555332707667	-80.7555332707667
AA10181	25.301561280423	25.301561280423	-80.7312200071223	-80.7312200071223
AA10189	25.3291037273573	25.3291037273573	-80.7306623971387	-80.7306623971387
AA10259	25.3476280880735	25.3476280880735	-80.7370810368643	-80.7370810368643
AA10200	25.3616741215038	25.3616741215038	-80.765873996779	-80.765873996779
AA10281	25.3653120174467	25.3653120174467	-80.7738510003591	-80.7738510003591
AA10280	25.3743250183817	25.3743250183817	-80.7728050220613	-80.7728050220613
AA10204	25.3765839246594	25.3765839246594	-80.7718094494877	-80.7718094494877
AA10202	25.3676044764371	25.3676044764371	-80.8076088177868	-80.8076088177868
AA10206	25.3820260675269	25.3820260675269	-80.7877044393373	-80.7877044393373
AA10139	25.3892410470587	25.3892410470587	-80.7812299432793	-80.7812299432793
AA10145	25.4059555832074	25.4059555832074	-80.7866683030636	-80.7866683030636
AA10267	25.4167885865015	25.4167885865015	-80.7841633419072	-80.7841633419072
AA10154	25.4266660542575	25.4266660542575	-80.7488430859191	-80.7488430859191
AA10150	25.4212339528594	25.4212339528594	-80.7408991768501	-80.7408991768501
AA10285	25.4153388476132	25.4153388476132	-80.7349336624741	-80.7349336624741
AA10143	25.4035862188605	25.4035862188605	-80.7200576268794	-80.7200576268794
AA10207	25.3828254309831	25.3828254309831	-80.7250759091597	-80.7250759091597
AA10146	25.4112279668954	25.4112279668954	-80.7026395300787	-80.7026395300787
AA10144	25.4039841858357	25.4039841858357	-80.6932118977386	-80.6932118977386
AA10286	25.4048823274659	25.4048823274659	-80.6793140693517	-80.6793140693517
AA10140	25.390812163879	25.390812163879	-80.6579531411813	-80.6579531411813
AA10209	25.3835291646433	25.3835291646433	-80.6336186794491	-80.6336186794491
AA10272	25.3857560548588	25.3857560548588	-80.6226731050009	-80.6226731050009
AA10258	25.4078903580105	25.4078903580105	-80.623607498003	-80.623607498003
AA10274	25.4024512666565	25.4024512666565	-80.6171566836707	-80.6171566836707
AA10276	25.3807626418862	25.3807626418862	-80.6112607538018	-80.6112607538018
AA10277	25.3803084913884	25.3803084913884	-80.6102681556482	-80.6102681556482
AA10208	25.3838831329746	25.3838831329746	-80.5963395521949	-80.5963395521949
AA10232	25.379348680152	25.379348680152	-80.5893963264018	-80.5893963264018
AA10275	25.3955667219196	25.3955667219196	-80.5764171947402	-80.5764171947402
AA10195	25.3394150137488	25.3394150137488	-80.6928780542442	-80.6928780542442
AA10190	25.3340028664662	25.3340028664662	-80.695872751928	-80.695872751928
AA10179	25.2960955600361	25.2960955600361	-80.7063977811134	-80.7063977811134
AA10210	25.2937500940519	25.2937500940519	-80.6651793995803	-80.6651793995803
AA10249	25.2937341468003	25.2937341468003	-80.658226003923	-80.658226003923
AA10255	25.293269858482	25.293269858482	-80.6527639118731	-80.6527639118731
AA10248	25.2932592682553	25.2932592682553	-80.6482938945723	-80.6482938945723
AA10254	25.2973563503708	25.2973563503708	-80.648739623185	-80.648739623185
AA10244	25.2973382771887	25.2973382771887	-80.6547390775488	-80.6547390775488
AA10245	25.3018439568716	25.3018439568716	-80.6562214018472	-80.6562214018472
AA10247	25.3072660551292	25.3072660551292	-80.6522273036504	-80.6522273036504
AA10243	25.3041093758937	25.3041093758937	-80.6458033430945	-80.6458033430945
AA10246	25.3031797484032	25.3031797484032	-80.642801433376	-80.642801433376
AA10292	25.307245896536	25.307245896536	-80.6437829705742	-80.6437829705742
AA10242	25.3194613832248	25.3194613832248	-80.6442593233931	-80.6442593233931
AA10191	25.3339096423804	25.3339096423804	-80.6536417107534	-80.6536417107534
AA10193	25.3365914882513	25.3365914882513	-80.6422065592365	-80.6422065592365
AA10196	25.3456134966127	25.3456134966127	-80.6387018265956	-80.6387018265956
AA10230	25.3488134827129	25.3488134827129	-80.6550899700938	-80.6550899700938
AA10198	25.3488181241333	25.3488181241333	-80.6570775522058	-80.6570775522058
AA10203	25.3704889827487	25.3704889827487	-80.6560224320639	-80.6560224320639
AA10184	25.312133753465	25.312133753465	-80.6124735481209	-80.6124735481209
AA10180	25.2957975310451	25.2957975310451	-80.5827246765902	-80.5827246765902
AA10183	25.3080040475137	25.3080040475137	-80.5881469044396	-80.5881469044396
AA10185	25.3138641027523	25.3138641027523	-80.5846498163724	-80.5846498163724
AA10186	25.3184138101079	25.3184138101079	-80.5970536070452	-80.5970536070452
AA10188	25.3197710947474	25.3197710947474	-80.598042671892	-80.598042671892
AA10192	25.3355159992248	25.3355159992248	-80.5771233124096	-80.5771233124096
AA10197	25.3477949626056	25.3477949626056	-80.6088817352615	-80.6088817352615
AA10201	25.3621600127377	25.3621600127377	-80.5785215014017	-80.5785215014017
AA10148	25.4150144839768	25.4150144839768	-80.5877841183195	-80.5877841183195
AA10237	25.4182096627719	25.4182096627719	-80.5927514231415	-80.5927514231415
AA10238	25.4226981834967	25.4226981834967	-80.5902619821971	-80.5902619821971
AA10159	25.4362929038681	25.4362929038681	-80.6085964438306	-80.6085964438306
AA10227	25.4394822675007	25.4394822675007	-80.6195260489086	-80.6195260489086
AA10175	25.464262778631	25.464262778631	-80.5995533336706	-80.5995533336706
AA10178	25.4737700769976	25.4737700769976	-80.6089726311958	-80.6089726311958
AA10102	25.4850658715357	25.4850658715357	-80.6119208291596	-80.6119208291596
AA10101	25.4840287491789	25.4840287491789	-80.5641688780007	-80.5641688780007
AA10223	25.4935382779077	25.4935382779077	-80.5735868745248	-80.5735868745248
AA10284	25.4175784159296	25.4175784159296	-80.7190346396497	-80.7190346396497
AA10156	25.4297592210009	25.4297592210009	-80.7120414715623	-80.7120414715623
AA10149	25.4198208251299	25.4198208251299	-80.7095791289489	-80.7095791289489
AA10147	25.4143946340568	25.4143946340568	-80.7056147767084	-80.7056147767084
AA10152	25.4229323859894	25.4229323859894	-80.6857059025621	-80.6857059025621
AA10153	25.4292397218103	25.4292397218103	-80.6792255670464	-80.6792255670464
AA10228	25.4387586394452	25.4387586394452	-80.6966047485003	-80.6966047485003
AA10160	25.4378698092103	25.4378698092103	-80.7035686841264	-80.7035686841264
AA10226	25.4360697114873	25.4360697114873	-80.7065566356536	-80.7065566356536
AA10166	25.4459992012814	25.4459992012814	-80.7045433806691	-80.7045433806691
AA10165	25.4478002629077	25.4478002629077	-80.7020524563243	-80.7020524563243
AA10261	25.4477972758754	25.4477972758754	-80.6920675614175	-80.6920675614175
AA10172	25.4604075472719	25.4604075472719	-80.6851112694411	-80.6851112694411
AA10236	25.4572781495943	25.4572781495943	-80.7000397462224	-80.7000397462224
AA10170	25.4554841382031	25.4554841382031	-80.7060122413838	-80.7060122413838
AA10168	25.4487413735692	25.4487413735692	-80.7214452268804	-80.7214452268804
AA10176	25.471752655456	25.471752655456	-80.712936367447	-80.712936367447
AA10161	25.44047833106	25.44047833106	-80.6573157193901	-80.6573157193901
AA10163	25.4422329650739	25.4422329650739	-80.6359276637739	-80.6359276637739
AA10173	25.4616832995907	25.4616832995907	-80.6502926244434	-80.6502926244434
AA10098	25.47791387793	25.47791387793	-80.6402971354638	-80.6402971354638
AA10222	25.491997639473	25.491997639473	-80.6775666844516	-80.6775666844516
AA10105	25.5028152041195	25.5028152041195	-80.6690797772532	-80.6690797772532
AA10106	25.502731229564	25.502731229564	-80.6337553644882	-80.6337553644882
AA10092	25.641084515381	25.641084515381	-80.541185746416	-80.541185746416
AA10009	25.655167503409	25.655167503409	-80.5695268447563	-80.5695268447563
AA10096	25.649809653192	25.649809653192	-80.5904677793035	-80.5904677793035
AA10090	25.6393925068375	25.6393925068375	-80.5790471939794	-80.5790471939794
AA10234	25.6330526608208	25.6330526608208	-80.5725945647452	-80.5725945647452
AA10287	25.615977418478	25.615977418478	-80.5865954135347	-80.5865954135347
AA10288	25.6168329823468	25.6168329823468	-80.5846042573108	-80.5846042573108
AA10078	25.6158570900775	25.6158570900775	-80.5597078950965	-80.5597078950965
AA10079	25.6162965385588	25.6162965385588	-80.5557223171858	-80.5557223171858
AA10077	25.6118232138802	25.6118232138802	-80.5696822293256	-80.5696822293256
AA10072	25.6036813927608	25.6036813927608	-80.5647319362304	-80.5647319362304
AA10257	25.5099043862764	25.5099043862764	-80.6138312551843	-80.6138312551843
AA10109	25.5062616946048	25.5062616946048	-80.6023994124718	-80.6023994124718
AA10174	25.4633055535118	25.4633055535118	-80.580159240776	-80.580159240776
AA10114	25.5147836725551	25.5147836725551	-80.5819706585902	-80.5819706585902
AA10116	25.5183786079257	25.5183786079257	-80.5759871027561	-80.5759871027561
AA10120	25.5266142803693	25.5266142803693	-80.6152706635657	-80.6152706635657
AA10008	25.7556740720857	25.7556740720857	-80.5128261742441	-80.5128261742441
AA10042	25.7141907236106	25.7141907236106	-80.5294424827862	-80.5294424827862
AA10036	25.7010215742265	25.7010215742265	-80.5065703428563	-80.5065703428563
AA10032	25.6924125503412	25.6924125503412	-80.4976362517888	-80.4976362517888
AA10212	25.6975061261172	25.6975061261172	-80.5359864033069	-80.5359864033069
AA10211	25.6785991577072	25.6785991577072	-80.5539967971048	-80.5539967971048
AA10028	25.6903592955268	25.6903592955268	-80.5609292568241	-80.5609292568241
AA10031	25.6931326463026	25.6931326463026	-80.5828449773573	-80.5828449773573
AA10039	25.7076281391098	25.7076281391098	-80.5997392683906	-80.5997392683906
AA10049	25.7410472648237	25.7410472648237	-80.6026184821959	-80.6026184821959
AA10239	25.7472599192803	25.7472599192803	-80.5647086434109	-80.5647086434109
AA10041	25.709908655344	25.709908655344	-80.6082042151183	-80.6082042151183
AA10040	25.709038605325	25.709038605325	-80.6206666530001	-80.6206666530001
AA10035	25.6963676363908	25.6963676363908	-80.6097435318498	-80.6097435318498
AA10033	25.6954987269931	25.6954987269931	-80.6227028724849	-80.6227028724849
AA10023	25.6828732617796	25.6828732617796	-80.6292202221494	-80.6292202221494
AA10024	25.6837875965493	25.6837875965493	-80.633701903586	-80.633701903586
AA10020	25.6770409307633	25.6770409307633	-80.644185806747	-80.644185806747
AA10221	25.6486117303329	25.6486117303329	-80.650745896633	-80.650745896633
AA10265	25.6490936372769	25.6490936372769	-80.6636960230951	-80.6636960230951
AA10012	25.6635611166949	25.6635611166949	-80.6721247885932	-80.6721247885932
AA10016	25.6725822316325	25.6725822316325	-80.6681142432878	-80.6681142432878
AA10034	25.6951460588788	25.6951460588788	-80.6630684474242	-80.6630684474242
AA10290	25.6991585094684	25.6991585094684	-80.6416283739443	-80.6416283739443
AA10215	25.7212808901489	25.7212808901489	-80.6410636704189	-80.6410636704189
AA10289	25.7298679676391	25.7298679676391	-80.6445271904988	-80.6445271904988
AA10048	25.7338992759817	25.7338992759817	-80.6315545130444	-80.6315545130444
AA10002	25.7470139676119	25.7470139676119	-80.6399892955349	-80.6399892955349
AA10052	25.7429854830694	25.7429854830694	-80.6544586966927	-80.6544586966927
AA10053	25.743471697038	25.743471697038	-80.6694131530695	-80.6694131530695
AA10240	25.757468228669	25.757468228669	-80.6693744085259	-80.6693744085259
AA10241	25.7548363095577	25.7548363095577	-80.705279238585	-80.705279238585
AA10233	25.7272813699141	25.7272813699141	-80.6988671872194	-80.6988671872194
AA10273	25.71963002526	25.71963002526	-80.710848790083	-80.710848790083
AA10213	25.7145789289967	25.7145789289967	-80.6709882673249	-80.6709882673249
AA10220	25.6473668180642	25.6473668180642	-80.700064305679	-80.700064305679
AA10291	25.6582934619208	25.6582934619208	-80.7289704284747	-80.7289704284747
AA10263	25.74455808809	25.74455808809	-80.763633237157	-80.763633237157
AA10253	25.7581136075842	25.7581136075842	-80.7700881126786	-80.7700881126786
AA10252	25.7558671175805	25.7558671175805	-80.7725749851796	-80.7725749851796
AA10214	25.7116449559166	25.7116449559166	-80.7945990494784	-80.7945990494784
AA10256	25.6642467685252	25.6642467685252	-80.7892444367034	-80.7892444367034
AA10219	25.635414880073	25.635414880073	-80.8579862151504	-80.8579862151504
AA10262	25.7297691243328	25.7297691243328	-80.8464093699441	-80.8464093699441
AA10075	25.6111895129203	25.6111895129203	-80.6737617434734	-80.6737617434734
AA10076	25.6111839352194	25.6111839352194	-80.6712718636941	-80.6712718636941
AA10018	25.6742519963861	25.6742519963861	-80.6128050123327	-80.6128050123327
AA10094	25.649476994512	25.649476994512	-80.6353011351528	-80.6353011351528
AA10087	25.6296057341108	25.6296057341108	-80.6333692924468	-80.6333692924468
AA10084	25.6277730904124	25.6277730904124	-80.6229159159257	-80.6229159159257
AA10294	25.6074266158676	25.6074266158676	-80.6120246157884	-80.6120246157884
AA10071	25.6042554418955	25.6042554418955	-80.6080512656834	-80.6080512656834
AA10293	25.6078962675434	25.6078962675434	-80.6060774194697	-80.6060774194697
AA10067	25.5808901853768	25.5808901853768	-80.6529340906561	-80.6529340906561
AA10066	25.5781870032821	25.5781870032821	-80.6554310949173	-80.6554310949173
AA10132	25.5465823329025	25.5465823329025	-80.6560192105225	-80.6560192105225
AA10131	25.5470185057883	25.5470185057883	-80.6495476978715	-80.6495476978715
AA10138	25.5641530150401	25.5641530150401	-80.64003996805	-80.64003996805
AA10060	25.5745316195557	25.5745316195557	-80.6375198083875	-80.6375198083875
AA10055	25.5649554062478	25.5649554062478	-80.601210270047	-80.601210270047
AA10298	25.5537166655146	25.5537166655146	-80.6196638211349	-80.6196638211349
AA10296	25.5473759344257	25.5473759344257	-80.6122181364611	-80.6122181364611
AA10297	25.5473732952816	25.5473732952816	-80.6112227190987	-80.6112227190987
AA10295	25.5442166754078	25.5442166754078	-80.6127260003627	-80.6127260003627
AA10127	25.5437398556257	25.5437398556257	-80.6032712743899	-80.6032712743899
AA10135	25.5554066927285	25.5554066927285	-80.5773501098971	-80.5773501098971
AA10124	25.5373733106373	25.5373733106373	-80.5868690810556	-80.5868690810556
AA10299	25.514865771969	25.514865771969	-80.6118250677916	-80.6118250677916
AA10112	25.5126583071073	25.5126583071073	-80.6312373986757	-80.6312373986757
AA20168	25.1743634422658	25.1743634422658	-80.820814246417	-80.820814246417
AA20148	25.1793541675252	25.1793541675252	-80.8416479305089	-80.8416479305089
AA20015	25.1816113451894	25.1816113451894	-80.8411487905111	-80.8411487905111
AA20308	25.1856768112555	25.1856768112555	-80.8426322383261	-80.8426322383261
AA20307	25.1847773814678	25.1847773814678	-80.8461070456391	-80.8461070456391
AA20305	25.1820833281876	25.1820833281876	-80.8614934114399	-80.8614934114399
AA20309	25.1874980629097	25.1874980629097	-80.8575173119311	-80.8575173119311
AA20035	25.199670309612	25.199670309612	-80.8386438863297	-80.8386438863297
AA20144	25.2005733908816	25.2005733908816	-80.8386426961185	-80.8386426961185
AA20010	25.200115793688	25.200115793688	-80.833184020972	-80.833184020972
AA20310	25.1964948864125	25.1964948864125	-80.825744705503	-80.825744705503
AA20203	25.2082134379018	25.2082134379018	-80.8083564552398	-80.8083564552398
AA20160	25.213629321746	25.213629321746	-80.806362563958	-80.806362563958
AA20008	25.2163506076027	25.2163506076027	-80.8157891622891	-80.8157891622891
AA20020	25.217728080126	25.217728080126	-80.8351454899818	-80.8351454899818
AA20209	25.2077969504827	25.2077969504827	-80.8376405153918	-80.8376405153918
AA20224	25.2114292604292	25.2114292604292	-80.8569931151042	-80.8569931151042
AA20107	25.215043962075	25.215043962075	-80.8594706847849	-80.8594706847849
AA20095	25.2154887334105	25.2154887334105	-80.8525211245919	-80.8525211245919
AA20030	25.2331026831233	25.2331026831233	-80.8564713392774	-80.8564713392774
AA20251	25.2281200063622	25.2281200063622	-80.8410884219882	-80.8410884219882
AA20102	25.2294708455958	25.2294708455958	-80.8376117461681	-80.8376117461681
AA20059	25.2244938302047	25.2244938302047	-80.8286832118886	-80.8286832118886
AA20217	25.2344200555161	25.2344200555161	-80.8222156215704	-80.8222156215704
AA20197	25.2353070371057	25.2353070371057	-80.8093068792458	-80.8093068792458
AA20261	25.2502051906384	25.2502051906384	-80.8072976246152	-80.8072976246152
AA20109	25.255189582334	25.255189582334	-80.8211923551127	-80.8211923551127
AA20315	25.2488862450843	25.2488862450843	-80.8360947703563	-80.8360947703563
AA20314	25.2479814286809	25.2479814286809	-80.8425478032603	-80.8425478032603
AA20025	25.2660453993666	25.2660453993666	-80.8375631225447	-80.8375631225447
AA20003	25.265556126282	25.265556126282	-80.8062802712047	-80.8062802712047
AA20046	25.2696146804968	25.2696146804968	-80.8023011918153	-80.8023011918153
AA20012	25.2791136544093	25.2791136544093	-80.8151978809106	-80.8151978809106
AA20169	25.2800185831595	25.2800185831595	-80.8166863768923	-80.8166863768923
AA20223	25.2800369049372	25.2800369049372	-80.8320816470505	-80.8320816470505
AA20044	25.272813458311	25.272813458311	-80.8330847748208	-80.8330847748208
AA20125	25.2732732304774	25.2732732304774	-80.8405330736113	-80.8405330736113
AA20007	25.2787150407524	25.2787150407524	-80.8638669862877	-80.8638669862877
AA20016	25.2908965174864	25.2908965174864	-80.8534233763146	-80.8534233763146
AA20163	25.3021863675506	25.3021863675506	-80.8548999396137	-80.8548999396137
AA20181	25.2922306044301	25.2922306044301	-80.8340515459597	-80.8340515459597
AA20121	25.2976003406289	25.2976003406289	-80.7953021143198	-80.7953021143198
AA20154	25.3003122859356	25.3003122859356	-80.7972843779847	-80.7972843779847
AA20256	25.2975926566522	25.2975926566522	-80.7898384995702	-80.7898384995702
AA20247	25.2885268855772	25.2885268855772	-80.766511285966	-80.766511285966
AA20249	25.2745686280762	25.2745686280762	-80.7928577705509	-80.7928577705509
AA20255	25.2763523563284	25.2763523563284	-80.7774599325306	-80.7774599325306
AA20196	25.2790076322453	25.2790076322453	-80.7441817475685	-80.7441817475685
AA20151	25.2641078846774	25.2641078846774	-80.7447095357943	-80.7447095357943
AA20136	25.2618467665775	25.2618467665775	-80.7427280768739	-80.7427280768739
AA20130	25.2610009198306	25.2610009198306	-80.7779844659328	-80.7779844659328
AA20161	25.2582990896458	25.2582990896458	-80.7829547108389	-80.7829547108389
AA20165	25.2556143951023	25.2556143951023	-80.8003377712292	-80.8003377712292
AA20091	25.2510626283844	25.2510626283844	-80.775023510807	-80.775023510807
AA20141	25.2492511500495	25.2492511500495	-80.7715513731293	-80.7715513731293
AA20052	25.2438006724521	25.2438006724521	-80.7517026099685	-80.7517026099685
AA20167	25.2383678200676	25.2383678200676	-80.7432739736284	-80.7432739736284
AA20178	25.2370175055419	25.2370175055419	-80.7457590394546	-80.7457590394546
AA20053	25.2406634191495	25.2406634191495	-80.7661063553175	-80.7661063553175
AA20093	25.243378871196	25.243378871196	-80.7700729361377	-80.7700729361377
AA20079	25.2879768317292	25.2879768317292	-80.7108872015149	-80.7108872015149
AA20128	25.286632841957	25.286632841957	-80.7163535036193	-80.7163535036193
AA20075	25.2789432742635	25.2789432742635	-80.7094187673898	-80.7094187673898
AA20123	25.2757805922586	25.2757805922586	-80.7084330949535	-80.7084330949535
AA20028	25.2771694266595	25.2771694266595	-80.7263076804916	-80.7263076804916
AA20226	25.279438021809	25.279438021809	-80.7322620071632	-80.7322620071632
AA20070	25.2821472171122	25.2821472171122	-80.7322560607395	-80.7322560607395
AA20036	25.2835107428086	25.2835107428086	-80.7372194149892	-80.7372194149892
AA20031	25.2889344097118	25.2889344097118	-80.7401876695467	-80.7401876695467
AA20234	25.2902846121037	25.2902846121037	-80.7377014804119	-80.7377014804119
AA20201	25.2789989396125	25.2789989396125	-80.7392156003457	-80.7392156003457
AA20068	25.2704109529149	25.2704109529149	-80.7342681400058	-80.7342681400058
AA20191	25.2667615960841	25.2667615960841	-80.7144134336359	-80.7144134336359
AA20004	25.2676279725378	25.2676279725378	-80.6960383427691	-80.6960383427691
AA20183	25.2599710450957	25.2599710450957	-80.7054916296704	-80.7054916296704
AA20034	25.248228206165	25.248228206165	-80.7040304741141	-80.7040304741141
AA20204	25.2445987861013	25.2445987861013	-80.6955991829438	-80.6955991829438
AA20159	25.2414390743412	25.2414390743412	-80.6961035167789	-80.6961035167789
AA20132	25.2428048087254	25.2428048087254	-80.7015612702362	-80.7015612702362
AA20149	25.1643994600504	25.1643994600504	-80.7975096216198	-80.7975096216198
AA20303	25.1661874207799	25.1661874207799	-80.7846065144226	-80.7846065144226
AA20304	25.1666301799277	25.1666301799277	-80.7786517999489	-80.7786517999489
AA20180	25.1756632151472	25.1756632151472	-80.7801240832357	-80.7801240832357
AA20306	25.1820033891854	25.1820033891854	-80.793014524408	-80.793014524408
AA20135	25.1733865656262	25.1733865656262	-80.7677234528793	-80.7677234528793
AA20189	25.1629948511593	25.1629948511593	-80.7637739681258	-80.7637739681258
AA20147	25.1760633269096	25.1760633269096	-80.7478704187182	-80.7478704187182
AA20098	25.1683863054397	25.1683863054397	-80.7473900403597	-80.7473900403597
AA20302	25.1457902636677	25.1457902636677	-80.7365228912192	-80.7365228912192
AA20032	25.1493999355037	25.1493999355037	-80.735026869498	-80.735026869498
AA20011	25.1507483041172	25.1507483041172	-80.7315512857607	-80.7315512857607
AA20106	25.1556922446002	25.1556922446002	-80.7191375732812	-80.7191375732812
AA20023	25.1678508371596	25.1678508371596	-80.7022401320476	-80.7022401320476
AA20086	25.1710145912171	25.1710145912171	-80.7037209796416	-80.7037209796416
AA20231	25.1950159548416	25.1950159548416	-80.7408835541392	-80.7408835541392
AA20131	25.1955220008261	25.1955220008261	-80.7741330993506	-80.7741330993506
AA20122	25.1892072000797	25.1892072000797	-80.7786110191273	-80.7786110191273
AA20042	25.2172142922402	25.2172142922402	-80.7865022234503	-80.7865022234503
AA20139	25.2276018085334	25.2276018085334	-80.7879733161873	-80.7879733161873
AA20188	25.2370980092518	25.2370980092518	-80.7978857920913	-80.7978857920913
AA20072	25.2398065528266	25.2398065528266	-80.7973848544495	-80.7973848544495
AA20115	25.2312010172713	25.2312010172713	-80.7790314575565	-80.7790314575565
AA20105	25.2189809122698	25.2189809122698	-80.7606877258993	-80.7606877258993
AA20022	25.2158169231256	25.2158169231256	-80.7587084744583	-80.7587084744583
AA20150	25.2076802355469	25.2076802355469	-80.7532649203697	-80.7532649203697
AA20094	25.2207672938246	25.2207672938246	-80.7487711067943	-80.7487711067943
AA20232	25.2135139626427	25.2135139626427	-80.7324064387751	-80.7324064387751
AA20073	25.2008413412446	25.2008413412446	-80.7165525898486	-80.7165525898486
AA20013	25.2008365647249	25.2008365647249	-80.7140711093188	-80.7140711093188
AA20152	25.2039657611402	25.2039657611402	-80.6981818565258	-80.6981818565258
AA20246	25.2233948179468	25.2233948179468	-80.7045869886184	-80.7045869886184
AA20096	25.2243278437407	25.2243278437407	-80.7199729341801	-80.7199729341801
AA20264	25.2256917722326	25.2256917722326	-80.7249338044237	-80.7249338044237
AA20019	25.2216297943664	25.2216297943664	-80.725935706036	-80.725935706036
AA20099	25.2198227293019	25.2198227293019	-80.7254433793691	-80.7254433793691
AA20158	25.2189260697749	25.2189260697749	-80.7289199959962	-80.7289199959962
AA20014	25.2198390544389	25.2198390544389	-80.7343781068644	-80.7343781068644
AA20063	25.2361023112174	25.2361023112174	-80.7388107532983	-80.7388107532983
AA20229	25.2428700437515	25.2428700437515	-80.735817471994	-80.735817471994
AA20236	25.2541412306578	25.2541412306578	-80.7263593084118	-80.7263593084118
AA20221	25.2518789399079	25.2518789399079	-80.7238818479476	-80.7238818479476
AA20103	25.2450946704639	25.2450946704639	-80.7179394445273	-80.7179394445273
AA20156	25.2378653604071	25.2378653604071	-80.7154738874863	-80.7154738874863
AA20119	25.2310846397096	25.2310846397096	-80.7115183020329	-80.7115183020329
AA20252	25.2351317327362	25.2351317327362	-80.703069318112	-80.703069318112
AA20066	25.1131765353006	25.1131765353006	-80.6840228194196	-80.6840228194196
AA20219	25.144274361913	25.144274361913	-80.6576512036255	-80.6576512036255
AA20134	25.1727603414234	25.1727603414234	-80.6749380983237	-80.6749380983237
AA20090	25.1727891557211	25.1727891557211	-80.688334982135	-80.688334982135
AA20199	25.1777476522986	25.1777476522986	-80.6843527419921	-80.6843527419921
AA20039	25.1835862317266	25.1835862317266	-80.6699471105144	-80.6699471105144
AA20029	25.1894928762094	25.1894928762094	-80.6868037391592	-80.6868037391592
AA20157	25.1948932060286	25.1948932060286	-80.678353283254	-80.678353283254
AA20117	25.2034946798459	25.2034946798459	-80.6887531571564	-80.6887531571564
AA20215	25.2057554835785	25.2057554835785	-80.6902363609479	-80.6902363609479
AA20082	25.2088886336614	25.2088886336614	-80.6773238497157	-80.6773238497157
AA20001	25.2048094963761	25.2048094963761	-80.6703862190597	-80.6703862190597
AA20175	25.2020868951292	25.2020868951292	-80.6644379266477	-80.6644379266477
AA20242	25.1971109537778	25.1971109537778	-80.6604813114483	-80.6604813114483
AA20113	25.2119658590616	25.2119658590616	-80.6410827883248	-80.6410827883248
AA20129	25.233593636388	25.233593636388	-80.6226514550826	-80.6226514550826
AA20313	25.2295725275779	25.2295725275779	-80.6385408168378	-80.6385408168378
AA20311	25.23049287362	25.23049287362	-80.6544066453319	-80.6544066453319
AA20248	25.2246658384093	25.2246658384093	-80.6653687848991	-80.6653687848991
AA20140	25.2404894574327	25.2404894574327	-80.674261710268	-80.674261710268
AA20097	25.2414087554154	25.2414087554154	-80.6817061880013	-80.6817061880013
AA20126	25.2495277294461	25.2495277294461	-80.6777130766342	-80.6777130766342
AA20076	25.24590014177	25.24590014177	-80.6707719263309	-80.6707719263309
AA20155	25.250396404663	25.250396404663	-80.6623193420631	-80.6623193420631
AA20259	25.2571648182793	25.2571648182793	-80.6603145261026	-80.6603145261026
AA20257	25.2594657542629	25.2594657542629	-80.6796729910367	-80.6796729910367
AA20069	25.2671428662434	25.2671428662434	-80.6801494127932	-80.6801494127932
AA20244	25.2680318000098	25.2680318000098	-80.6736916721618	-80.6736916721618
AA20100	25.2843190978241	25.2843190978241	-80.6885472045711	-80.6885472045711
AA20240	25.2915414829506	25.2915414829506	-80.6875354251931	-80.6875354251931
AA20213	25.287454166071	25.287454166071	-80.6766196141532	-80.6766196141532
AA20108	25.2824596043023	25.2824596043023	-80.6642171419817	-80.6642171419817
AA20166	25.2765702680167	25.2765702680167	-80.655791079325	-80.655791079325
AA20170	25.2837409065277	25.2837409065277	-80.633422361768	-80.633422361768
AA20177	25.2729321485892	25.2729321485892	-80.6448763808027	-80.6448763808027
AA20235	25.2679349388965	25.2679349388965	-80.63247671125	-80.63247671125
AA20214	25.2643202307668	25.2643202307668	-80.6314944877327	-80.6314944877327
AA20038	25.2588868891247	25.2588868891247	-80.625552511965	-80.625552511965
AA20262	25.2611369485807	25.2611369485807	-80.6225663699056	-80.6225663699056
AA20018	25.2710642064658	25.2710642064658	-80.6200527697622	-80.6200527697622
AA20190	25.2796559398267	25.2796559398267	-80.6249921695794	-80.6249921695794
AA20083	25.2877552571023	25.2877552571023	-80.6140410005422	-80.6140410005422
AA20027	25.2841469316247	25.2841469316247	-80.615542320678	-80.615542320678
AA20033	25.2719569827025	25.2719569827025	-80.6160773177091	-80.6160773177091
AA20241	25.2737553131566	25.2737553131566	-80.6130921122442	-80.6130921122442
AA20206	25.2629094938615	25.2629094938615	-80.6096506636065	-80.6096506636065
AA20071	25.2480103636071	25.2480103636071	-80.6101947704426	-80.6101947704426
AA20184	25.237193116803	25.237193116803	-80.6176759150408	-80.6176759150408
AA20040	25.1784939739075	25.1784939739075	-80.6178592423078	-80.6178592423078
AA20077	25.1883911642178	25.1883911642178	-80.6039335271047	-80.6039335271047
AA20208	25.200164989647	25.200164989647	-80.6167990423503	-80.6167990423503
AA20124	25.2150538922246	25.2150538922246	-80.6122852473375	-80.6122852473375
AA20084	25.2181828842674	25.2181828842674	-80.6003625686573	-80.6003625686573
AA20087	25.2009948114138	25.2009948114138	-80.5895002063714	-80.5895002063714
AA20301	25.2073051627489	25.2073051627489	-80.5855084817647	-80.5855084817647
AA20207	25.2022740535402	25.2022740535402	-80.5631920503674	-80.5631920503674
AA20225	25.2090440513526	25.2090440513526	-80.5621752367044	-80.5621752367044
AA20116	25.2312500642192	25.2312500642192	-80.5903915101933	-80.5903915101933
AA20239	25.2370906661157	25.2370906661157	-80.5799466772243	-80.5799466772243
AA20089	25.2452665611179	25.2452665611179	-80.597295175649	-80.597295175649
AA20258	25.2470807666199	25.2470807666199	-80.6002680885742	-80.6002680885742
AA20227	25.2560827357267	25.2560827357267	-80.5898117366723	-80.5898117366723
AA20173	25.2845150127389	25.2845150127389	-80.5847498218355	-80.5847498218355
AA20067	25.2858876189243	25.2858876189243	-80.5912014631574	-80.5912014631574
AA20254	25.2886022638963	25.2886022638963	-80.593178966115	-80.593178966115
AA20186	25.2790336040337	25.2790336040337	-80.5629175925791	-80.5629175925791
AA20104	25.2798718561486	25.2798718561486	-80.5415602033232	-80.5415602033232
AA20078	25.2793605002417	25.2793605002417	-80.5226909202981	-80.5226909202981
AA20002	25.2219829886825	25.2219829886825	-80.5124911667689	-80.5124911667689
AA20238	25.2274353039345	25.2274353039345	-80.5228938072995	-80.5228938072995
AA20176	25.2414752548408	25.2414752548408	-80.5362433287835	-80.5362433287835
AA20220	25.2442167695533	25.2442167695533	-80.5466587542939	-80.5466587542939
AA20118	25.2586957319854	25.2586957319854	-80.5565355603695	-80.5565355603695
AA20187	25.261404883098	25.261404883098	-80.5565257203705	-80.5565257203705
AA20228	25.2613883761238	25.2613883761238	-80.5510638570876	-80.5510638570876
AA20055	25.269073325123	25.269073325123	-80.5540150108123	-80.5540150108123
AA20061	25.2668512253317	25.2668512253317	-80.5659405935386	-80.5659405935386
AA20237	25.2646238886198	25.2646238886198	-80.5763761136616	-80.5763761136616
AA20058	25.2577049704633	25.2577049704633	-80.5282373479347	-80.5282373479347
AA20057	25.2761673910034	25.2761673910034	-80.5127714731592	-80.5127714731592
AA20143	25.2838416096675	25.2838416096675	-80.5122441921564	-80.5122441921564
AA20005	25.2734318197303	25.2734318197303	-80.5048370297883	-80.5048370297883
AA20253	25.2693497055641	25.2693497055641	-80.4993913396521	-80.4993913396521
AA20045	25.2635149199272	25.2635149199272	-80.5098427120326	-80.5098427120326
AA20050	25.2621320885714	25.2621320885714	-80.5014070958967	-80.5014070958967
AA20245	25.2000923186745	25.2000923186745	-80.4505425990284	-80.4505425990284
AA20088	25.2084091804503	25.2084091804503	-80.5041077908983	-80.5041077908983
AA20043	25.208360210222	25.208360210222	-80.4897146954712	-80.4897146954712
AA20133	25.2128547707282	25.2128547707282	-80.4837398941302	-80.4837398941302
AA20056	25.2210216202374	25.2210216202374	-80.4951219722558	-80.4951219722558
AA20200	25.2431815123807	25.2431815123807	-80.5054561484349	-80.5054561484349
AA20112	25.2476884071079	25.2476884071079	-80.5029555026012	-80.5029555026012
AA20317	25.2431266721943	25.2431266721943	-80.4925352590704	-80.4925352590704
AA20174	25.250806767079	25.250806767079	-80.490530493344	-80.490530493344
AA20164	25.2548323678175	25.2548323678175	-80.479590511332	-80.479590511332
AA20218	25.2588696110849	25.2588696110849	-80.4721254369461	-80.4721254369461
AA20101	25.2520753988981	25.2520753988981	-80.4661968453916	-80.4661968453916
AA20146	25.2466117862651	25.2466117862651	-80.4538088724147	-80.4538088724147
AA20041	25.2484233625794	25.2484233625794	-80.4552902158524	-80.4552902158524
AA20316	25.2543028945873	25.2543028945873	-80.4562535291878	-80.4562535291878
AA20230	25.2547132480732	25.2547132480732	-80.4468215559972	-80.4468215559972
AA20064	25.2678623363642	25.2678623363642	-80.4616587753538	-80.4616587753538
AA20060	25.2697272649664	25.2697272649664	-80.4780373074613	-80.4780373074613
AA20233	25.2769533268321	25.2769533268321	-80.4785029944468	-80.4785029944468
AA30017	25.397970727395	25.397970727395	-81.0595930166618	-81.0595930166618
AA30005	25.3853354813768	25.3853354813768	-81.0362252858144	-81.0362252858144
AA30023	25.4061012731208	25.4061012731208	-81.0516427898256	-81.0516427898256
AA30037	25.4155755373883	25.4155755373883	-81.0705395738612	-81.0705395738612
AA30036	25.4155637237919	25.4155637237919	-81.0919181962363	-81.0919181962363
AA30034	25.4133035395036	25.4133035395036	-81.0958938272326	-81.0958938272326
AA30051	25.4354237048717	25.4354237048717	-81.1028729536342	-81.1028729536342
AA30054	25.4422077703362	25.4422077703362	-81.0854736831967	-81.0854736831967
AA30052	25.4358972717547	25.4358972717547	-81.0640870111546	-81.0640870111546
AA30048	25.4313904647299	25.4313904647299	-81.0402169851866	-81.0402169851866
AA30050	25.4354540800401	25.4354540800401	-81.0407155934914	-81.0407155934914
AA30056	25.4426800559723	25.4426800559723	-81.0347505553386	-81.0347505553386
AA30137	25.2290093560696	25.2290093560696	-81.1712039748049	-81.1712039748049
AA30147	25.2357881019247	25.2357881019247	-81.1662490412801	-81.1662490412801
AA30144	25.233556251694	25.233556251694	-81.1414243129941	-81.1414243129941
AA30156	25.2502523112577	25.2502523112577	-81.1523666766439	-81.1523666766439
AA30158	25.2507147141243	25.2507147141243	-81.1414441725985	-81.1414441725985
AA30150	25.2430477379724	25.2430477379724	-81.1315058432163	-81.1315058432163
AA30152	25.2448578027124	25.2448578027124	-81.1270394703704	-81.1270394703704
AA30161	25.2520866043787	25.2520866043787	-81.122081892537	-81.122081892537
AA30171	25.2651844333909	25.2651844333909	-81.1181224855848	-81.1181224855848
AA30169	25.2642785363219	25.2642785363219	-81.121597523245	-81.121597523245
AA30168	25.2642608405065	25.2642608405065	-81.1414598640873	-81.1414598640873
AA30175	25.2723739986351	25.2723739986351	-81.1558704280384	-81.1558704280384
AA30182	25.2768856479848	25.2768856479848	-81.1593524612989	-81.1593524612989
AA30181	25.2787178669193	25.2787178669193	-81.1330341220856	-81.1330341220856
AA30177	25.2728659674169	25.2728659674169	-81.1111776017878	-81.1111776017878
AA30011	25.3970736534855	25.3970736534855	-80.9576866836345	-80.9576866836345
AA30014	25.3948113392612	25.3948113392612	-80.9437688803764	-80.9437688803764
AA30007	25.3857878013488	25.3857878013488	-80.9671346756345	-80.9671346756345
AA30002	25.3916603960025	25.3916603960025	-80.9830396378298	-80.9830396378298
AA30008	25.3871460227419	25.3871460227419	-80.9964609235402	-80.9964609235402
AA30001	25.3916613216217	25.3916613216217	-81.0039169887484	-81.0039169887484
AA30012	25.3934674143915	25.3934674143915	-81.0049112214112	-81.0049112214112
AA30015	25.3948214811177	25.3948214811177	-81.0133618526128	-81.0133618526128
AA30112	25.3754062360911	25.3754062360911	-80.9979523054194	-80.9979523054194
AA30109	25.3695334032005	25.3695334032005	-80.970617998101	-80.970617998101
AA30099	25.3577927147557	25.3577927147557	-80.9666453072474	-80.9666453072474
AA30094	25.3505657470043	25.3505657470043	-80.9572059694621	-80.9572059694621
AA30090	25.3419849239299	25.3419849239299	-80.9517433469416	-80.9517433469416
AA30091	25.3456021679851	25.3456021679851	-80.9706237818534	-80.9706237818534
AA30089	25.3415406431727	25.3415406431727	-81.0138528693037	-81.0138528693037
AA30079	25.3311546780928	25.3311546780928	-81.0198136754264	-81.0198136754264
AA30075	25.3248267891838	25.3248267891838	-80.9522469568279	-80.9522469568279
AA30066	25.3121858965107	25.3121858965107	-80.9592064821372	-80.9592064821372
AA30063	25.3081234866355	25.3081234866355	-80.9646719644024	-80.9646719644024
AA30057	25.2972865010334	25.2972865010334	-80.9641784117071	-80.9641784117071
AA30186	25.2823898014053	25.2823898014053	-81.0098730755198	-81.0098730755198
AA30180	25.2765197431077	25.2765197431077	-81.0108658198061	-81.0108658198061
AA30206	25.1509845278729	25.1509845278729	-80.9542992318182	-80.9542992318182
AA30209	25.1559429517598	25.1559429517598	-80.931971970551	-80.931971970551
AA30213	25.1613467541531	25.1613467541531	-80.9051773051002	-80.9051773051002
AA30235	25.1920249088253	25.1920249088253	-80.8699186869308	-80.8699186869308
AA30237	25.1942964927848	25.1942964927848	-80.8867896249232	-80.8867896249232
AA30228	25.1798754649098	25.1798754649098	-80.9334473420364	-80.9334473420364
AA30233	25.1952292332047	25.1952292332047	-80.9364166759613	-80.9364166759613
AA30245	25.2024539089212	25.2024539089212	-80.936412924	-80.936412924
AA30119	25.2060682950642	25.2060682950642	-80.9413742792194	-80.9413742792194
AA30125	25.2114692486359	25.2114692486359	-80.9071238811808	-80.9071238811808
AA30121	25.2132482112566	25.2132482112566	-80.870888836399	-80.870888836399
AA30131	25.2195689048017	25.2195689048017	-80.8698894108885	-80.8698894108885
AA30136	25.2258943289051	25.2258943289051	-80.8743503095624	-80.8743503095624
AA30138	25.2290494786148	25.2290494786148	-80.8678936606561	-80.8678936606561
AA30140	25.2299521128683	25.2299521128683	-80.8673962658602	-80.8673962658602
AA30139	25.2299708391392	25.2299708391392	-80.8902315533611	-80.8902315533611
AA30135	25.2259109345292	25.2259109345292	-80.8956956354348	-80.8956956354348
AA30155	25.2485066865935	25.2485066865935	-80.9269555585936	-80.9269555585936
AA30157	25.2498316490232	25.2498316490232	-80.8812767040599	-80.8812767040599
AA30165	25.2584003706214	25.2584003706214	-80.8688549939029	-80.8688549939029
AA30167	25.258859164326	25.258859164326	-80.8772956310226	-80.8772956310226
AA30170	25.2642999954	25.2642999954	-80.9080768454107	-80.9080768454107
AA30172	25.2670174874809	25.2670174874809	-80.9224753483027	-80.9224753483027
AA30173	25.2679228427478	25.2679228427478	-80.926943943078	-80.926943943078
AA30174	25.2710777958032	25.2710777958032	-80.9160171353263	-80.9160171353263
AA30179	25.274686280901	25.274686280901	-80.909558827756	-80.909558827756
AA30176	25.2724244971275	25.2724244971275	-80.9031048004483	-80.9031048004483
AA30187	25.2837027608039	25.2837027608039	-80.8886933288996	-80.8886933288996
AA30188	25.2863960946805	25.2863960946805	-80.8693215526718	-80.8693215526718
AA30190	25.2913769819947	25.2913769819947	-80.8862029761963	-80.8862029761963
AA30183	25.2769648947254	25.2769648947254	-80.9552453750557	-80.9552453750557
AA30189	25.2864404591662	25.2864404591662	-80.936865850832	-80.936865850832
AA30192	25.294111748835	25.294111748835	-80.9264315756498	-80.9264315756498
AA30059	25.3040486214478	25.3040486214478	-80.9328829580122	-80.9328829580122
AA30069	25.315338974948	25.315338974948	-80.9373476463423	-80.9373476463423
AA30044	25.4309444203735	25.4309444203735	-81.002426535304	-81.002426535304
AA30040	25.4223652055236	25.4223652055236	-80.9924822507411	-80.9924822507411
AA30042	25.4237189467238	25.4237189467238	-80.9825379430672	-80.9825379430672
AA30046	25.4291366893617	25.4291366893617	-80.9780620617426	-80.9780620617426
AA30041	25.4228141824897	25.4228141824897	-80.971599509395	-80.971599509395
AA30045	25.4273268131364	25.4273268131364	-80.9601622552637	-80.9601622552637
AA30049	25.4327447399638	25.4327447399638	-80.9586687293998	-80.9586687293998
AA30043	25.4241620407514	25.4241620407514	-80.9472357600169	-80.9472357600169
AA30027	25.4092629578931	25.4092629578931	-80.9512194582411	-80.9512194582411
AA30026	25.407911591238	25.407911591238	-80.9621572199471	-80.9621572199471
AA30024	25.4061093056312	25.4061093056312	-80.9825404790412	-80.9825404790412
AA30025	25.407013398843	25.407013398843	-81.0009346282571	-81.0009346282571
AA30081	25.3311400311435	25.3311400311435	-80.9313775291452	-80.9313775291452
AA30087	25.3392634633124	25.3392634633124	-80.9229262387514	-80.9229262387514
AA30086	25.3379047750775	25.3379047750775	-80.9154742049525	-80.9154742049525
AA30082	25.332937904776	25.332937904776	-80.9154776550762	-80.9154776550762
AA30070	25.3225412790338	25.3225412790338	-80.8976001886597	-80.8976001886597
AA30071	25.321632844963	25.321632844963	-80.8901490579086	-80.8901490579086
AA30074	25.324340931015	25.324340931015	-80.8886562025228	-80.8886562025228
AA30072	25.3238843762897	25.3238843762897	-80.8821981930137	-80.8821981930137
AA30077	25.3301971375189	25.3301971375189	-80.8717587010147	-80.8717587010147
AA30083	25.3329089015437	25.3329089015437	-80.8747368761991	-80.8747368761991
AA30093	25.3460003539802	25.3460003539802	-80.8712451506733	-80.8712451506733
AA30096	25.3537103868692	25.3537103868692	-80.918941689187	-80.918941689187
AA30097	25.3541536028852	25.3541536028852	-80.9050274668416	-80.9050274668416
AA30102	25.3618280254372	25.3618280254372	-80.902536684395	-80.902536684395
AA30107	25.3681407174938	25.3681407174938	-80.8901070461521	-80.8901070461521
AA30104	25.3640679584596	25.3640679584596	-80.8786805062583	-80.8786805062583
AA30004	25.385287413	25.385287413	-80.8756769929115	-80.8756769929115
AA30003	25.3852962471177	25.3852962471177	-80.8866121508696	-80.8866121508696
AA30116	25.3816866445297	25.3816866445297	-80.8900947901291	-80.8900947901291
AA30009	25.3871214767885	25.3871214767885	-80.914942907312	-80.914942907312
AA30117	25.3844012076647	25.3844012076647	-80.8975480757802	-80.8975480757802
AA30111	25.3744741151704	25.3744741151704	-80.9074966298001	-80.9074966298001
AA30108	25.3695126206513	25.3695126206513	-80.9164462054058	-80.9164462054058
AA30103	25.3645522987284	25.3645522987284	-80.9288738301859	-80.9288738301859
AA30106	25.3677122942012	25.3677122942012	-80.927381035943	-80.927381035943
AA30114	25.3771908576216	25.3771908576216	-80.9204170857423	-80.9204170857423
AA30016	25.3974920311769	25.3974920311769	-80.8925659941147	-80.8925659941147
AA30019	25.3997380275429	25.3997380275429	-80.8776506382762	-80.8776506382762
AA30022	25.4042503811539	25.4042503811539	-80.8741661730786	-80.8741661730786
AA30021	25.4042569727837	25.4042569727837	-80.8821202570725	-80.8821202570725
AA30028	25.4105734709324	25.4105734709324	-80.8761482389312	-80.8761482389312
AA30029	25.4105669995237	25.4105669995237	-80.8686908984533	-80.8686908984533
AA30032	25.4123735559563	25.4123735559563	-80.8691861060889	-80.8691861060889
AA30031	25.4119578594464	25.4119578594464	-80.918902795356	-80.918902795356
AA30039	25.4196415451952	25.4196415451952	-80.9343106760865	-80.9343106760865
AA30047	25.430472927601	25.430472927601	-80.9233655543199	-80.9233655543199
AA30055	25.4404095273046	25.4404095273046	-80.9293266209872	-80.9293266209872
AA30053	25.4385617042503	25.4385617042503	-80.8686605636533	-80.8686605636533
AA30020	25.4015611359212	25.4015611359212	-81.0998615028219	-81.0998615028219
AA30033	25.4132823225279	25.4132823225279	-81.124232375199	-81.124232375199
AA30030	25.4114688241871	25.4114688241871	-81.1326822399658	-81.1326822399658
AA30038	25.4186919189545	25.4186919189545	-81.1341817137772	-81.1341817137772
AA30035	25.4146192418424	25.4146192418424	-81.1436234922095	-81.1436234922095
AA30018	25.3992720482702	25.3992720482702	-81.1386342201688	-81.1386342201688
AA30013	25.3947534369702	25.3947534369702	-81.1421086983532	-81.1421086983532
AA30010	25.3902690788462	25.3902690788462	-81.1053200202132	-81.1053200202132
AA30115	25.3789869502595	25.3789869502595	-81.096363740515	-81.096363740515
AA30113	25.3753839845742	25.3753839845742	-81.0809534858052	-81.0809534858052
AA30110	25.3699653333583	25.3699653333583	-81.0814468655396	-81.0814468655396
AA30105	25.3641121869354	25.3641121869354	-81.0411886266529	-81.0411886266529
AA30098	25.3559807824808	25.3559807824808	-81.0531122799274	-81.0531122799274
AA30095	25.3510124337794	25.3510124337794	-81.0570854164003	-81.0570854164003
AA30092	25.3460332889758	25.3460332889758	-81.0829215105978	-81.0829215105978
AA30101	25.3627227983826	25.3627227983826	-81.1092718229536	-81.1092718229536
AA30100	25.3577517903548	25.3577517903548	-81.1147336988322	-81.1147336988322
AA30204	25.146022053302	25.146022053302	-80.9726560509084	-80.9726560509084
AA30198	25.137442680376	25.137442680376	-80.9726579618992	-80.9726579618992
AA30200	25.1401530759903	25.1401530759903	-80.9796021509442	-80.9796021509442
AA30193	25.1252534411887	25.1252534411887	-81.0009324733565	-81.0009324733565
AA30197	25.1342840826747	25.1342840826747	-81.0093651018062	-81.0093651018062
AA30195	25.1315732750713	25.1315732750713	-81.0232535103275	-81.0232535103275
AA30196	25.1329244420826	25.1329244420826	-81.0396226702013	-81.0396226702013
AA30199	25.1383441238428	25.1383441238428	-81.0351599756657	-81.0351599756657
AA30202	25.1437646978346	25.1437646978346	-81.0252401042734	-81.0252401042734
AA30205	25.1478290110636	25.1478290110636	-81.0227605019039	-81.0227605019039
AA30208	25.1550545877712	25.1550545877712	-81.0163123229997	-81.0163123229997
AA30210	25.1595698665907	25.1595698665907	-81.0178013288385	-81.0178013288385
AA30214	25.1622795122343	25.1622795122343	-81.0143286994635	-81.0143286994635
AA30212	25.1663424887162	25.1663424887162	-80.9781093088485	-80.9781093088485
AA30222	25.1722129747477	25.1722129747477	-80.9810853783447	-80.9810853783447
AA30218	25.1672471960346	25.1672471960346	-80.9999404600553	-80.9999404600553
AA30223	25.1726655431993	25.1726655431993	-81.0073832794359	-81.0073832794359
AA30221	25.1713079106019	25.1713079106019	-81.0307037808096	-81.0307037808096
AA30229	25.182598433345	25.182598433345	-81.0192933580756	-81.0192933580756
AA30178	25.2742280660647	25.2742280660647	-81.1007502467902	-81.1007502467902
AA30231	25.1871150959475	25.1871150959475	-81.0029179302769	-81.0029179302769
AA30243	25.1988501891793	25.1988501891793	-81.0386513902854	-81.0386513902854
AA30246	25.2029152835953	25.2029152835953	-81.0336895675586	-81.0336895675586
AA30242	25.1984018669323	25.1984018669323	-81.0232661864167	-81.0232661864167
AA30239	25.1970489704985	25.1970489704985	-81.0053996014405	-81.0053996014405
AA30244	25.1993053046212	25.1993053046212	-80.9790960109602	-80.9790960109602
AA30123	25.2110457901677	25.2110457901677	-80.9820720676016	-80.9820720676016
AA30118	25.2069828566673	25.2069828566673	-80.9934881875286	-80.9934881875286
AA30124	25.2110458045635	25.2110458045635	-81.0178088099286	-81.0178088099286
AA30127	25.2133022557523	25.2133022557523	-81.0262471355558	-81.0262471355558
AA30134	25.2232381312931	25.2232381312931	-81.0103646882645	-81.0103646882645
AA30133	25.2214322991725	25.2214322991725	-80.9969621189733	-80.9969621189733
AA30141	25.2318176660188	25.2318176660188	-80.9944797212251	-80.9944797212251
AA30143	25.2322687834209	25.2322687834209	-80.9875296839969	-80.9875296839969
AA30145	25.2331714757449	25.2331714757449	-80.9835581244346	-80.9835581244346
AA30160	25.2521366640098	25.2521366640098	-81.0108636496984	-81.0108636496984
AA30154	25.2476209736546	25.2476209736546	-81.014338693077	-81.014338693077
AA30159	25.2512321507869	25.2512321507869	-81.0232762394632	-81.0232762394632
AA30185	25.2819150397272	25.2819150397272	-81.0833745019097	-81.0833745019097
AA30184	25.2792090641035	25.2792090641035	-81.0774132086485	-81.0774132086485
AA30062	25.3071984696482	25.3071984696482	-81.0878624041264	-81.0878624041264
AA30068	25.3148689657771	25.3148689657771	-81.0968097161939	-81.0968097161939
AA30065	25.314412349392	25.314412349392	-81.1042608070295	-81.1042608070295
AA30064	25.3098922933173	25.3098922933173	-81.1107146243374	-81.1107146243374
AA30067	25.3135030657415	25.3135030657415	-81.1127049452236	-81.1127049452236
AA30060	25.3067144082789	25.3067144082789	-81.1315744793086	-81.1315744793086
AA30191	25.2926920527688	25.2926920527688	-81.1568897433317	-81.1568897433317
AA30058	25.2972058095297	25.2972058095297	-81.1583856307281	-81.1583856307281
AA30061	25.3071581659242	25.3071581659242	-81.1400194297379	-81.1400194297379
AA30073	25.3243264383506	25.3243264383506	-81.1291094888288	-81.1291094888288
AA30076	25.3265796700571	25.3265796700571	-81.1340800073167	-81.1340800073167
AA30088	25.341033165774	25.341033165774	-81.1291272142838	-81.1291272142838
AA30085	25.3351679272112	25.3351679272112	-81.1236556615733	-81.1236556615733
AA30080	25.33112950736	25.33112950736	-81.0883765047293	-81.0883765047293
AA30078	25.3297757919579	25.3297757919579	-81.0868850426014	-81.0868850426014
AA30084	25.3347604218861	25.3347604218861	-81.0481345444044	-81.0481345444044
AA30203	25.1455658656623	25.1455658656623	-81.0460757699151	-81.0460757699151
AA30201	25.1433037611171	25.1433037611171	-81.0584766518954	-81.0584766518954
AA30194	25.1342659769375	25.1342659769375	-81.0738493594712	-81.0738493594712
AA30207	25.1527708746714	25.1527708746714	-81.089239820738	-81.089239820738
AA30220	25.1690373357318	25.1690373357318	-81.0689085581077	-81.0689085581077
AA30215	25.1627242669899	25.1627242669899	-81.0470745099075	-81.0470745099075
AA30224	25.1740139364438	25.1740139364438	-81.0436054902627	-81.0436054902627
AA30225	25.1758159371862	25.1758159371862	-81.0560111505163	-81.0560111505163
AA30226	25.1789686547609	25.1789686547609	-81.0743724888558	-81.0743724888558
AA30227	25.1798680870874	25.1798680870874	-81.0813200727226	-81.0813200727226
AA30219	25.1672205915662	25.1672205915662	-81.0887541688671	-81.0887541688671
AA30216	25.1636006229034	25.1636006229034	-81.1006591731641	-81.1006591731641
AA30211	25.1599693296815	25.1599693296815	-81.125462999742	-81.125462999742
AA30217	25.1667328301242	25.1667328301242	-81.1363855117953	-81.1363855117953
AA30230	25.1856934349621	25.1856934349621	-81.1408727718615	-81.1408727718615
AA30240	25.1974330426304	25.1974330426304	-81.1413825627327	-81.1413825627327
AA30126	25.2123305241367	25.2123305241367	-81.1448742061297	-81.1448742061297
AA30120	25.2069301558642	25.2069301558642	-81.1250147702833	-81.1250147702833
AA30241	25.1983452797	25.1983452797	-81.1314577911141	-81.1314577911141
AA30234	25.1960948296571	25.1960948296571	-81.1230185769161	-81.1230185769161
AA30232	25.1870648132666	25.1870648132666	-81.1220170159651	-81.1220170159651
AA30238	25.1947488812668	25.1947488812668	-81.1120991328999	-81.1120991328999
AA30236	25.1924983592999	25.1924983592999	-81.10217171495	-81.10217171495
AA30122	25.2105732340425	25.2105732340425	-81.0808441240727	-81.0808441240727
AA30132	25.220956736262	25.220956736262	-81.084325670416	-81.084325670416
AA30128	25.2187079218357	25.2187079218357	-81.0669510142382	-81.0669510142382
AA30129	25.219618976077	25.219618976077	-81.0461036253963	-81.0461036253963
AA30130	25.2191688997366	25.2191688997366	-81.04113969065	-81.04113969065
AA30148	25.236327443647	25.236327443647	-81.0411454639672	-81.0411454639672
AA30146	25.23360964595	25.23360964595	-81.0649734332866	-81.0649734332866
AA30151	25.2430844102331	25.2430844102331	-81.0803691475094	-81.0803691475094
AA30142	25.2322282569328	25.2322282569328	-81.1101477595129	-81.1101477595129
AA30149	25.2380963982867	25.2380963982867	-81.1126353116853	-81.1126353116853
AA30153	25.2471377856126	25.2471377856126	-81.0977489566947	-81.0977489566947
AA30162	25.253926417946	25.253926417946	-81.0704459306527	-81.0704459306527
AA30164	25.2543781927596	25.2543781927596	-81.0699496718657	-81.0699496718657
AA30163	25.2539299939275	25.2539299939275	-81.0625016514995	-81.0625016514995
AA30166	25.2588996989261	25.2588996989261	-81.0555526655101	-81.0555526655101
AA40242	25.4534633951835	25.4534633951835	-80.8701363953196	-80.8701363953196
AA40145	25.4580062768387	25.4580062768387	-80.9064381711474	-80.9064381711474
AA40232	25.4507900680649	25.4507900680649	-80.9203687645673	-80.9203687645673
AA40095	25.457562693893	25.457562693893	-80.9198669586407	-80.9198669586407
AA40078	25.4643406774873	25.4643406774873	-80.9298100245823	-80.9298100245823
AA40103	25.4611846175149	25.4611846175149	-80.9402565172949	-80.9402565172949
AA40175	25.4571222559787	25.4571222559787	-80.9437399602845	-80.9437399602845
AA40129	25.4453920432025	25.4453920432025	-80.9805456180758	-80.9805456180758
AA40208	25.4616446169066	25.4616446169066	-80.9671140991378	-80.9671140991378
AA40248	25.4702234999149	25.4702234999149	-80.966614364673	-80.966614364673
AA40143	25.4792566472292	25.4792566472292	-80.981535050718	-80.981535050718
AA40025	25.4806107434724	25.4806107434724	-80.9780527294247	-80.9780527294247
AA40183	25.4796996588502	25.4796996588502	-80.9467141040918	-80.9467141040918
AA40235	25.4751651897516	25.4751651897516	-80.9079171647452	-80.9079171647452
AA40147	25.4719856061587	25.4719856061587	-80.8815569128929	-80.8815569128929
AA40153	25.488701160431	25.488701160431	-80.893479997669	-80.893479997669
AA40080	25.4873501162513	25.4873501162513	-80.8984559101333	-80.8984559101333
AA40172	25.5027249093369	25.5027249093369	-80.9402359831029	-80.9402359831029
AA40037	25.4932504455548	25.4932504455548	-80.9631255260056	-80.9631255260056
AA40105	25.5000246877494	25.5000246877494	-80.9690937559088	-80.9690937559088
AA40199	25.5140224212447	25.5140224212447	-80.9715780853352	-80.9715780853352
AA40206	25.5230544070249	25.5230544070249	-80.9810307336846	-80.9810307336846
AA40221	25.5149023235798	25.5149023235798	-80.9128627294617	-80.9128627294617
AA40081	25.5081306506694	25.5081306506694	-80.9148578488595	-80.9148578488595
AA40050	25.5040617870032	25.5040617870032	-80.9064025187961	-80.9064025187961
AA40069	25.5049619065025	25.5049619065025	-80.9019239181895	-80.9019239181895
AA40144	25.5090246068874	25.5090246068874	-80.9004279337073	-80.9004279337073
AA40059	25.5189403463757	25.5189403463757	-80.8770324488849	-80.8770324488849
AA40085	25.5202944934114	25.5202944934114	-80.8765334613311	-80.8765334613311
AA40045	25.5419818726311	25.5419818726311	-80.8949260577957	-80.8949260577957
AA40159	25.54514497494	25.54514497494	-80.8984072737357	-80.8984072737357
AA40123	25.545614408633	25.545614408633	-80.9287673424475	-80.9287673424475
AA40051	25.535693098585	25.535693098585	-80.9611218702331	-80.9611218702331
AA40071	25.5442691910746	25.5442691910746	-80.9516626669675	-80.9516626669675
AA40083	25.5460746048695	25.5460746048695	-80.9496710842601	-80.9496710842601
AA40229	25.5514956605894	25.5514956605894	-80.9586280877855	-80.9586280877855
AA40148	25.5505880185112	25.5505880185112	-80.9446918664544	-80.9446918664544
AA40174	25.5623225462068	25.5623225462068	-80.9327397175098	-80.9327397175098
AA40068	25.5573498504779	25.5573498504779	-80.920796227474	-80.920796227474
AA40249	25.5672625769793	25.5672625769793	-80.8889303873222	-80.8889303873222
AA40150	25.5704321255055	25.5704321255055	-80.9013728363319	-80.9013728363319
AA40041	25.5740484955816	25.5740484955816	-80.9078416630837	-80.9078416630837
AA40044	25.5686414495795	25.5686414495795	-80.9277581102218	-80.9277581102218
AA40028	25.5740627328979	25.5740627328979	-80.9342266500605	-80.9342266500605
AA40155	25.5898702156147	25.5898702156147	-80.9446738187199	-80.9446738187199
AA40065	25.5925825974323	25.5925825974323	-80.954132803262	-80.954132803262
AA40216	25.6065818007634	25.6065818007634	-80.9615969373425	-80.9615969373425
AA40231	25.605222742566	25.605222742566	-80.9471565513143	-80.9471565513143
AA40130	25.6016104219628	25.6016104219628	-80.9466601947542	-80.9466601947542
AA40020	25.6016070891549	25.6016070891549	-80.9381951434199	-80.9381951434199
AA40017	25.5975378919858	25.5975378919858	-80.9262469780482	-80.9262469780482
AA40076	25.5916639264441	25.5916639264441	-80.9182841323053	-80.9182841323053
AA40089	25.6006877472128	25.6006877472128	-80.9073233145828	-80.9073233145828
AA40177	25.5957051417192	25.5957051417192	-80.884920777783	-80.884920777783
AA40038	25.5920906221192	25.5920906221192	-80.881936809809	-80.881936809809
AA40192	25.5902774757276	25.5902774757276	-80.8734743434938	-80.8734743434938
AA40077	25.6038194827114	25.6038194827114	-80.8694764722287	-80.8694764722287
AA40161	25.609687852962	25.609687852962	-80.867976168647	-80.867976168647
AA40220	25.6151226791068	25.6151226791068	-80.8878901866888	-80.8878901866888
AA40132	25.6128599901936	25.6128599901936	-80.8814184221685	-80.8814184221685
AA40048	25.4508076631507	25.4508076631507	-81.0342555658747	-81.0342555658747
AA40234	25.453060551909	25.453060551909	-81.0506681453323	-81.0506681453323
AA40029	25.4553045821674	25.4553045821674	-81.0810068655692	-81.0810068655692
AA40031	25.4629765181885	25.4629765181885	-81.0879752107061	-81.0879752107061
AA40094	25.4543972243517	25.4543972243517	-81.0884663103606	-81.0884663103606
AA40057	25.4458081250899	25.4458081250899	-81.1038763777156	-81.1038763777156
AA40093	25.4507724125368	25.4507724125368	-81.1073618893547	-81.1073618893547
AA40121	25.4453044708409	25.4453044708409	-81.1615626223022	-81.1615626223022
AA40224	25.4543344293691	25.4543344293691	-81.1620720099061	-81.1620720099061
AA40046	25.4660831644687	25.4660831644687	-81.1536322197098	-81.1536322197098
AA40152	25.4597780755293	25.4597780755293	-81.1372113911757	-81.1372113911757
AA40062	25.4760406297417	25.4760406297417	-81.1287736104254	-81.1287736104254
AA40049	25.4805773339911	25.4805773339911	-81.1014190134965	-81.1014190134965
AA40074	25.4792227602697	25.4792227602697	-81.1014178771191	-81.1014178771191
AA40193	25.4706471401269	25.4706471401269	-81.0964366499277	-81.0964366499277
AA40176	25.4702176689011	25.4702176689011	-81.0531623411046	-81.0531623411046
AA40088	25.4729271795158	25.4729271795158	-81.0521687057818	-81.0521687057818
AA40226	25.465706659874	25.465706659874	-81.0397310030565	-81.0397310030565
AA40026	25.4801597741028	25.4801597741028	-81.0178482578148	-81.0178482578148
AA40066	25.4828652822256	25.4828652822256	-81.0372493704415	-81.0372493704415
AA40223	25.4864677625689	25.4864677625689	-81.0651087401977	-81.0651087401977
AA40185	25.4882659312682	25.4882659312682	-81.0810289471482	-81.0810289471482
AA40106	25.5018088142913	25.5018088142913	-81.0860133499554	-81.0860133499554
AA40204	25.5135512493626	25.5135512493626	-81.0810459126879	-81.0810459126879
AA40246	25.5045342489634	25.5045342489634	-81.0511872658014	-81.0511872658014
AA40111	25.5131150012429	25.5131150012429	-81.0457175381784	-81.0457175381784
AA40171	25.4982181854551	25.4982181854551	-81.0327764472164	-81.0327764472164
AA40173	25.5068003979376	25.5068003979376	-81.0108864549444	-81.0108864549444
AA40151	25.5122183793327	25.5122183793327	-81.0143699692609	-81.0143699692609
AA40196	25.5189904483968	25.5189904483968	-81.0208396148046	-81.0208396148046
AA40166	25.5338898736079	25.5338898736079	-80.9740617271017	-80.9740617271017
AA40063	25.5384062849436	25.5384062849436	-80.9820236853737	-80.9820236853737
AA40107	25.542470834093	25.542470834093	-80.9914793775085	-80.9914793775085
AA40014	25.5366008584424	25.5366008584424	-81.0113868195708	-81.0113868195708
AA40141	25.5492403397987	25.5492403397987	-81.0322925828662	-81.0322925828662
AA40178	25.5469720281255	25.5469720281255	-81.0646436699075	-81.0646436699075
AA40008	25.5605165212466	25.5605165212466	-81.0671398081774	-81.0671398081774
AA40157	25.560520553184	25.560520553184	-81.0576820991014	-81.0576820991014
AA40128	25.554209769868	25.554209769868	-81.015868218623	-81.015868218623
AA40110	25.5587251296104	25.5587251296104	-81.0143755122517	-81.0143755122517
AA40162	25.5636925573396	25.5636925573396	-80.9994424779143	-80.9994424779143
AA40010	25.5573701080803	25.5573701080803	-80.9815230952091	-80.9815230952091
AA40205	25.553756348742	25.553756348742	-80.9715687195526	-80.9715687195526
AA40009	25.5763348328373	25.5763348328373	-80.9909791419991	-80.9909791419991
AA40181	25.573625848582	25.573625848582	-80.9934684882075	-80.9934684882075
AA40233	25.570916776561	25.570916776561	-81.0054162537554	-81.0054162537554
AA40250	25.576783065384	25.576783065384	-81.0322999684617	-81.0322999684617
AA40219	25.577231154918	25.577231154918	-81.0452440192227	-81.0452440192227
AA40072	25.5785854009604	25.5785854009604	-81.0462402264041	-81.0462402264041
AA40033	25.5790223052008	25.5790223052008	-81.0800942464314	-81.0800942464314
AA40054	25.5866875404154	25.5866875404154	-81.0975252290236	-81.0975252290236
AA40189	25.6020397987544	25.6020397987544	-81.0965417870443	-81.0965417870443
AA40213	25.6160313352899	25.6160313352899	-81.1045210856159	-81.1045210856159
AA40131	25.6146809376072	25.6146809376072	-81.0985439336028	-81.0985439336028
AA40055	25.6137818113281	25.6137818113281	-81.0925672629328	-81.0925672629328
AA40127	25.6061237425288	25.6061237425288	-81.0582019266654	-81.0582019266654
AA40122	25.5984555033455	25.5984555033455	-81.0342975129029	-81.0342975129029
AA40117	25.6007170143523	25.6007170143523	-81.0054175954185	-81.0054175954185
AA40136	25.5844612872257	25.5844612872257	-80.9815189371915	-80.9815189371915
AA40179	25.5862668804664	25.5862668804664	-80.9780334934359	-80.9780334934359
AA40210	25.5894282858743	25.5894282858743	-80.9840076442212	-80.9840076442212
AA40126	25.5921369067088	25.5921369067088	-80.9800240423895	-80.9800240423895
AA40036	25.5975554436559	25.5975554436559	-80.9825127806166	-80.9825127806166
AA40104	25.596201311538	25.596201311538	-80.9864963538902	-80.9864963538902
AA40097	25.597556210853	25.597556210853	-80.9909775506968	-80.9909775506968
AA40237	25.6111014389073	25.6111014389073	-80.9869926639202	-80.9869926639202
AA40016	25.6138110643136	25.6138110643136	-80.9959562805906	-80.9959562805906
AA40082	25.6124565660366	25.6124565660366	-81.00093622005	-81.00093622005
AA40243	25.6083922065671	25.6083922065671	-81.0143814470847	-81.0143814470847
AA40052	25.6133556947055	25.6133556947055	-81.0338037713618	-81.0338037713618
AA40194	25.6255385591128	25.6255385591128	-81.0592074186373	-81.0592074186373
AA40087	25.6363615585559	25.6363615585559	-81.0861095214311	-81.0861095214311
AA40191	25.6395230369886	25.6395230369886	-81.0846174855388	-81.0846174855388
AA40084	25.648548177628	25.648548177628	-81.0930922077749	-81.0930922077749
AA40209	25.6476514424482	25.6476514424482	-81.0826306770135	-81.0826306770135
AA40138	25.6499112150512	25.6499112150512	-81.078647077839	-81.078647077839
AA40230	25.5925008913925	25.5925008913925	-81.16126189979	-81.16126189979
AA40096	25.6010576083687	25.6010576083687	-81.1801951237153	-81.1801951237153
AA40034	25.6078513358369	25.6078513358369	-81.1622784267683	-81.1622784267683
AA40064	25.5378227040926	25.5378227040926	-81.1975192788204	-81.1975192788204
AA40030	25.5071336802956	25.5071336802956	-81.1865228949999	-81.1865228949999
AA40047	25.481413968258	25.481413968258	-81.1725546831482	-81.1725546831482
AA40165	25.5044392559256	25.5044392559256	-81.1745777371658	-81.1745777371658
AA40137	25.5026378536747	25.5026378536747	-81.1705948593872	-81.1705948593872
AA40042	25.5048966170949	25.5048966170949	-81.1696029631658	-81.1696029631658
AA40053	25.5134839714424	25.5134839714424	-81.1621513418047	-81.1621513418047
AA40218	25.5076152880148	25.5076152880148	-81.1611483497124	-81.1611483497124
AA40244	25.4963482268291	25.4963482268291	-81.1407354625324	-81.1407354625324
AA40013	25.4972772555249	25.4972772555249	-81.1103882644144	-81.1103882644144
AA40195	25.507659234527	25.507659234527	-81.1143782001694	-81.1143782001694
AA40133	25.5062944354371	25.5062944354371	-81.1268156574244	-81.1268156574244
AA40027	25.5162226367421	25.5162226367421	-81.1327971770308	-81.1327971770308
AA40124	25.526163110023	25.526163110023	-81.1248460080987	-81.1248460080987
AA40021	25.5230205171744	25.5230205171744	-81.1014546614688	-81.1014546614688
AA40007	25.5325134982734	25.5325134982734	-81.0840446016087	-81.0840446016087
AA40245	25.5428917940947	25.5428917940947	-81.0950012636054	-81.0950012636054
AA40197	25.5437843897803	25.5437843897803	-81.1099331120036	-81.1099331120036
AA40202	25.5451294980483	25.5451294980483	-81.1218793846327	-81.1218793846327
AA40090	25.5473845831401	25.5473845831401	-81.1248679817928	-81.1248679817928
AA40099	25.5555152815646	25.5555152815646	-81.1208943827798	-81.1208943827798
AA40134	25.557314566904	25.557314566904	-81.1288603558727	-81.1288603558727
AA40098	25.5550450084825	25.5550450084825	-81.1417994534985	-81.1417994534985
AA40060	25.5663245379116	25.5663245379116	-81.1502752889315	-81.1502752889315
AA40200	25.5681116854821	25.5681116854821	-81.1677006813145	-81.1677006813145
AA40079	25.5730690361286	25.5730690361286	-81.1756727852482	-81.1756727852482
AA40035	25.5879477845866	25.5879477845866	-81.1926226386733	-81.1926226386733
AA40212	25.576190048288	25.576190048288	-81.2060454274128	-81.2060454274128
AA40247	25.6564183420674	25.6564183420674	-81.2893772462067	-81.2893772462067
AA40214	25.6352767987087	25.6352767987087	-81.2459932550097	-81.2459932550097
AA40067	25.6316672136566	25.6316672136566	-81.244491660879	-81.244491660879
AA40217	25.6325776698513	25.6325776698513	-81.240010884774	-81.240010884774
AA40163	25.6276077516819	25.6276077516819	-81.2419931488416	-81.2419931488416
AA40187	25.6136409609534	25.6136409609534	-81.2230413302251	-81.2230413302251
AA40158	25.6177418069504	25.6177418069504	-81.1971524653212	-81.1971524653212
AA40167	25.6321854970333	25.6321854970333	-81.2006626609571	-81.2006626609571
AA40201	25.6357763117194	25.6357763117194	-81.2156111830438	-81.2156111830438
AA40056	25.6452167035213	25.6452167035213	-81.2420286488018	-81.2420286488018
AA40188	25.6519767890685	25.6519767890685	-81.2495145427256	-81.2495145427256
AA40040	25.6767915468134	25.6767915468134	-81.2600295111144	-81.2600295111144
AA40039	25.6767888755339	25.6767888755339	-81.2615242648759	-81.2615242648759
AA40112	25.6795111303671	25.6795111303671	-81.2540562379686	-81.2540562379686
AA40012	25.67636423145	25.67636423145	-81.2460775387794	-81.2460775387794
AA40120	25.6809021837804	25.6809021837804	-81.2321352762673	-81.2321352762673
AA40019	25.6795531633958	25.6795531633958	-81.2286448047306	-81.2286448047306
AA40108	25.6592375468422	25.6592375468422	-81.2271115131453	-81.2271115131453
AA40101	25.6574547098061	25.6574547098061	-81.2116647497229	-81.2116647497229
AA40236	25.639421745154	25.639421745154	-81.1917089682481	-81.1917089682481
AA40228	25.6502816729456	25.6502816729456	-81.1727968200875	-81.1727968200875
AA40139	25.6426201532521	25.6426201532521	-81.1603329582337	-81.1603329582337
AA40115	25.6430912184238	25.6430912184238	-81.1414052042833	-81.1414052042833
AA40238	25.6566394855826	25.6566394855826	-81.1384321433057	-81.1384321433057
AA40086	25.6638523739808	25.6638523739808	-81.1498991084779	-81.1498991084779
AA40001	25.6624845163056	25.6624845163056	-81.1623522936729	-81.1623522936729
AA40043	25.6724051713783	25.6724051713783	-81.1733269408826	-81.1733269408826
AA40116	25.6796127469165	25.6796127469165	-81.1867905653088	-81.1867905653088
AA40160	25.6944814171896	25.6944814171896	-81.2097368503522	-81.2097368503522
AA40002	25.6868419622261	25.6868419622261	-81.1828154651023	-81.1828154651023
AA40146	25.6801142896897	25.6801142896897	-81.1424454098402	-81.1424454098402
AA40073	25.6553024788232	25.6553024788232	-81.1185039461459	-81.1185039461459
AA40091	25.6706567119581	25.6706567119581	-81.1150315103472	-81.1150315103472
AA40154	25.6864556210573	25.6864556210573	-81.1200296388922	-81.1200296388922
AA40061	25.6900420803038	25.6900420803038	-81.1479386325016	-81.1479386325016
AA40125	25.6981677458566	25.6981677458566	-81.1494437055149	-81.1494437055149
AA40114	25.7135211092651	25.7135211092651	-81.1474692466583	-81.1474692466583
AA40100	25.7148909002342	25.7148909002342	-81.1315216841914	-81.1315216841914
AA40032	25.7049607874898	25.7049607874898	-81.1280221592485	-81.1280221592485
AA40075	25.6990975221709	25.6990975221709	-81.120540660407	-81.120540660407
AA40109	25.686922851177	25.686922851177	-81.0991015908255	-81.0991015908255
AA40011	25.7509694931486	25.7509694931486	-81.1719451048185	-81.1719451048185
AA40211	25.7464496636344	25.7464496636344	-81.175926959834	-81.175926959834
AA40113	25.7459908075838	25.7459908075838	-81.1819088022931	-81.1819088022931
AA40023	25.7680675216116	25.7680675216116	-81.216348255939	-81.216348255939
AA40022	25.7879153852891	25.7879153852891	-81.2283534773933	-81.2283534773933
AA40118	25.7964939304842	25.7964939304842	-81.2283699106281	-81.2283699106281
AA40184	25.789685292426	25.789685292426	-81.250300747545	-81.250300747545
AA40207	25.7774562732617	25.7774562732617	-81.2717180165497	-81.2717180165497
AA40140	25.7693753297297	25.7693753297297	-81.2457703763619	-81.2457703763619
AA40119	25.7498218263149	25.7498218263149	-81.3175223199227	-81.3175223199227
AA40225	25.7475399921383	25.7475399921383	-81.3284842705644	-81.3284842705644
AA40190	25.7398995636687	25.7398995636687	-81.3125108026296	-81.3125108026296
AA40170	25.7231667022034	25.7231667022034	-81.3249281757303	-81.3249281757303
AA40102	25.7277258710798	25.7277258710798	-81.3045035500457	-81.3045035500457
AA40092	25.7340643848813	25.7340643848813	-81.296045355797	-81.296045355797
AA40058	25.7426599270119	25.7426599270119	-81.2875916965839	-81.2875916965839
AA40149	25.7341025925924	25.7341025925924	-81.2766042934421	-81.2766042934421
AA40180	25.70973161588	25.70973161588	-81.2710656387478	-81.2710656387478
AA40070	25.6993252162624	25.6993252162624	-81.2825040402227	-81.2825040402227
AA40227	25.7016253579924	25.7016253579924	-81.2595850805571	-81.2595850805571
AA40241	25.6984796421261	25.6984796421261	-81.2511064182439	-81.2511064182439
AA40015	25.7219475605125	25.7219475605125	-81.257136971743	-81.257136971743
AA40198	25.7264573084817	25.7264573084817	-81.2601374302278	-81.2601374302278
AA40024	25.7350323313703	25.7350323313703	-81.2621500747524	-81.2621500747524
AA40135	25.726922833304	25.726922833304	-81.2521630503872	-81.2521630503872
AA40169	25.7174630501832	25.7174630501832	-81.2391841090816	-81.2391841090816
AA40142	25.7120641023182	25.7120641023182	-81.2272116985569	-81.2272116985569
AA40003	25.7048544277332	25.7048544277332	-81.2177289625495	-81.2177289625495
AA40239	25.7170376056428	25.7170376056428	-81.2227353512655	-81.2227353512655
AA40215	25.722444857611	25.722444857611	-81.2297236387825	-81.2297236387825
AA40005	25.732356983982	25.732356983982	-81.2427032999429	-81.2427032999429
AA40006	25.7368794446519	25.7368794446519	-81.2382259483981	-81.2382259483981
AA40156	25.72697151873	25.72697151873	-81.2222553916365	-81.2222553916365
AA40203	25.7265267853581	25.7265267853581	-81.2177684139697	-81.2177684139697
AA40182	25.726549058343	25.726549058343	-81.2023161477042	-81.2023161477042
AA40004	25.7238461731872	25.7238461731872	-81.1978255203641	-81.1978255203641
AA40222	25.7193442855688	25.7193442855688	-81.1878494371285	-81.1878494371285
AA40186	25.7432589312234	25.7432589312234	-81.1993532477385	-81.1993532477385
AA40240	25.7454981430486	25.7454981430486	-81.2123190409127	-81.2123190409127
AA40164	25.7572201074732	25.7572201074732	-81.2238074356939	-81.2238074356939
AA40018	25.7553870456371	25.7553870456371	-81.2407557662341	-81.2407557662341
AA30006	25.3853361854699	25.3853361854699	-81.0332429630289	-81.0332429630289
AA40168	25.6353915069241	25.6353915069241	-81.1643079685421	-81.1643079685421
